20.7
18.9
26
24.7
16.1
16.1
19.3
8.32
22.8
17.9
7.31
6.57
24.4
12.6
14.8
14.5
16.2
14.5
16.8
20.4
17
18.8
19.2
17.6
17.6
17.9
19
19
23.5
23.5
23
20.4
20.1
21
21
20.2
20.2
21.1
21.1
21.1
24.6
17.6
17.6
17.4
17.4
19.3
19.3
19.3
19.3
17.4
17.4
18.3
16.8
18.3
18.3
18.7
19.4
19.6
19.6
18.8
17.7
18.5
19.8
3.09
3.09
20.1
20.1
20.1
20.1
21.4
21.2
21.2
19.8
19.8
19.8
18.3
18
18.8
18.8
19
19.2
19
19.4
18.6
18.6
19
19
17.2
17.8
18.1
19.4
19.4
19.4
17
17
18
20.4
20.4
21.8
19
19.8
19.8
19.8
19.5
18.4
22.4
19.8
20.5
20.5
18.3
20.3
20.3
19.8
17.6
15.4
15.4
15.4
20
18.4
19.6
19.6
19.6
19.6
17.3
19.5
20.6
19.7
19.7
19.7
19.7
19.7
19.7
19.9
22
18.1
18.1
19
18.2
18.2
20
21
17.8
17.8
19.4
19.4
19.7
16.9
21.5
24
17.9
18.6
19.7
24.1
24.1
29.5
29.7
29.7
26.4
20.5
21.1
21.1
21.1
15.8
16
17.4
19.1
-0.513
19.8
26.5
31.4
16.2
16.5
15.4
17.2
17
14.7
15.7
14.2
13.2
13.9
13.9
15.5
16.8
16.1
15.3
14
14
17.2
16.9
17.7
17.7
18.8
14.8
15.9
16.8
15.4
16.7
16.8
13.9
13.9
16.7
15.6
16.1
16.7
17.2
16.9
15.4
15.1
15.1
14.5
16.7
20.1
16.2
18.7
18.7
14.8
15.1
15.5
15.1
13.8
13.8
14.2
14.2
14.2
14.2
14.2
13.9
15.4
15.4
19.7
16.2
14.8
14.8
14.6
14.6
14.6
13.9
13.9
13.9
14.5
14.5
15.9
17.4
12.5
13.2
13.1
13.7
16.3
14
14.9
15.4
16
15
15
15.9
15.9
15
15.5
14.8
13.8
14.1
13.6
13.4
13.4
13.6
14.6
15.8
15.8
17.8
13.3
13.8
12.6
16.3
16.4
13.4
13.4
16.3
15
15
15
15
15.2
17.2
15.3
15.3
15.4
16
15
16.2
12.9
15.3
15.3
15.3
15.3
14
14.3
13.7
13.7
17.6
17.2
15.8
15.8
13.6
15.8
14.1
14.3
13.9
14.8
14.7
15.1
13.8
15.7
14.2
13.9
12.2
11.3
14.2
14.6
14.8
14.8
14.8
16
17.1
16
13.2