7.68
7.68
-0.00345
-15.1
-15.1
-14.7
-14.7
-9.33
8.95
7.65
8.87
7.65
-9.22
-9.22
-14.8
-14.8
6.93
-15.4
-0.254
-15.4
6.93
-14.8
6.93
8.88
7.67
7.67
-9.24
-6.15
-0.00404
-0.00404
-0.00404
7.6
2.73
-0.00407
-0.00407
2.73
-15.4
2.73
-0.00407
13.8
8.9
-9.26
-14.8
2.73
-0.00407
-0.00407
7.61
8.83
-0.0044
-15.5
2.64
-0.0044
-9.5
7.53
7.53
-0.0044
-0.0044
-0.0044
-15.5
-65.9
8.82
-0.00404
7.58
-0.00404
-15.4
13.8
7.81
7.67
13.8
-15.4
-0.00404
-0.00404
7.6
-0.00407
-0.00412
-9.4
7.76
2.94
-9.44
-0.00423
-9.42
-15.4
7.63
-9.4
2.9
-14.5
-15.5
-9.54
-14.6
-11.1
-11.1
-6.82
-15.7
13.7
-9.54
-23.3
-15.7
8.77
-21
-9.56
-0.00456
7.56
-0.00456
-0.00456
-0.00456
7.58
7.58
-9.56
-9.56
7.58
-0.00464
2.73
-15.5
7.66
7.66
-9.44
-0.00423
-0.00423
-0.00423
-0.00423
7.58
7.58
-0.00456
7.56
7.56
-9.44
-0.00423
-9.44
7.78
-19.4
2.71
2.71
2.71
-9.54
-15.5
-9.4
-0.00412
12.4
7.68
-0.00345
-15.1
-8.99
-15
2.96
3.86
7.84
3.86
-15
-15
9.04
-16.7
9.04
-9
-9
9.05
2.98
7.18
-8.85
-14.5
7.9
-14.9
7.9
9.1
9.1
9.1
-13.1
9.03
7.74
8.95
-15.3
-15.3
-8.95
7
7
-9.11
7.76
8.42
-15.1
-13.2
-8.83
9.04
-8.82
9.03
-3.36
-13.2
-13.2
-15.1
7.68
8.9
-0.0034
12.8
-8.28
13.4
-6.92
-5.6
-12.2
11.4
11.4
-10.8
-1.13e-05
-5.43e-05
-12.1
-12.1
-12.4
4.3
-6.98
-7.18
-14.4
-7.3
-1.62
-1.95
-14.4
-14.6
-14.8
-14.8
-14.8
-14.6
3.19
-14.4
-14.3
-14.3
9.64
-13.6
-13.6
9.65
-14.3
-12.5
9.48
-15.4
10.4
-8.56
-8.13
9.39
-8.26
9.47
-2.69
9.54
-13.8
-13.8
-9.92
-13.9
-15.4
4.01
9.56
-15.1
10.8
-14.8
-14.7
-14.6
-14.6
-11.5
-11.5
-14.4
-6.23
9.28
8.34
-6.11
-11.3
-14.1
-11.9
9.48
-5.92
15.6
11.6
-13.9
-5.82
-13.9
9.71
9.72
9.73
15.7
11.6
-20.3
9.68
15.7
-13.9
15.8
-13.8
-5.65
3.95
-5.54
-10.7
5.52
-13.5
-0.000238
-10.6
-13.4
-13.4
10.2
-5.44
-13.3
-13.4
9.29
16.2
12.2
4.25
5.81
16.5
9.48
9.48
10.4
10.4
16.5
-5.01
-8.8
16.7
-5.33
15.3
-11.3
-12.7
-15.2
13
-15
17.7
13.2
-4.22
-10.6
13.4
-12
13.4
-5.56
-10.6
-10
-10.3
-12.1
-12.1
-12.1
-12.1
-12
0.000436
0.000505
0.000578
0.000659
-3.74
-3.74
-9.77
0.00069
-11.6
0.000599
20.3
-15.7
0.000495
-15.8
13.8
-9.85
-9.61
-9.61
-3.82
13.9
-11.4
11.6
-15.1
6.63
-15.1
-3.02
-3.09
-5.11
8.21
-3.37
-11.7
13.9
-11.5
-3.39
-17.7
-11.3
-5.36
-15.6
-11.7
-10.2
13.9
0.000634
14.6
0.0013
-2.47
-10.4
-2.09
-16.4
-10.2
-3.87
16.6
-9.85
-9.77
17
-9.54
-9.36
17.5
-3.05
17.5
-3.19
-7.42
-15.7