14.3
-8.05
15.8
15.6
-7.17
15.9
13.2
13.2
15.5
14.8
15.4
16.7
17.4
13.6
-8.03
13.7
-7.9
14
13.3
15.4
11.7
11.7
17
15.8
14.6
12.8
17.5
14.9
12.7
14.2
15.3
14.3
11.2
15.2
11.4
14.2
14.6
14.7
14.7
12.2
12.3
11.5
14.7
64.7
13
-11
14.5
10.5
14.3
14.7
12.1
15.5
14.8
13
14.7
14.7
14.7
12.4
14.8
14.8
15.9
15.9
-10.7
16.1
15.8
15.2
12.8
17.3
-7.27
13.6
15.3
12
15
12.8
15.9
15.3
13.6
16
18.1
13.6
-7.75
12.4
12.9
12.9
15.5
13.4
-9.64
15.1
10.9
15.4
15.5
15.4
16.8
15.6
16.9
15.6
16.8
13.2
13.2
13.2
13.2
16.8
15.6
17.7
17
17.1
16.9
13.7
12.5
15.5
15.5
-6.65
15.3
15.4
12.8
17
17
17.6
12.8
12.8
17
13
12.8
12.8
12.8
15.6
15.4
15.4
16.7
12.8
16.7
13.9
12.4
16.7
13.4
17.2
15.1
-7.08
15.2
15.9
15.9
18
15.8
15.8
17
13.2
13.2
-9.43
-9.43
15.6
16.1
14
13.2
17.2
16.2
18.3
15.8
16.4
14
16.1
14.1
13.9
14
14
16.3
14.1
-5.32
13.9
13.8
16.2
-9.4
13.6
14
14
16
-9.37
-7.48
13.8
15.1
15.7
16.1
16.1
14
17.6
17.3
-9.33
13.8
13.8
-9.33
13.7
17.6
13.3
14.1
13.8
17.8
-9.2
14.1
17.7
14
-4.3
17.4
17.4
13.5
13.7
-9.31
16.4
-6.48
16.2
16.4
-3.55
15.1
16.4
15.9
14.6
-6.43
17.1
15.6
15.1
16.2
16.2
14
13.8
17.1
13.1
13
14.6
-6.48
17.2
17.2
-6.43
-11.3
17
16.2
15.8
12.9
-6.53
15.6
15.1
16.4
16.4
16.5
12.7
12.8
13.8
13
-4.41
13.5
14.9
14.2
13.6
14.2
13.8
13.6
16.1
13.8
13.1
15.1
13.7
15.1
13.7
13.7
15.9
-9.37
17.4
13
13
14.2
13.3
13.9
17
17
16.9
15.3
16.3
19
14.8
14.8
14.2
12.6
12.7
-7.39
13
16.7
-9.89
12.9
15.1
11.8
-4.05
15.1
9.62
13.3
17.3
-10.5
11.8
-10.4
11.9
11.7
14.3
8.82
10.5
14.3
17.5
16.5
16.7
13.4
11.5
13.4
-10.9
13.7
15.2
11.7
14.9
15
12.4
16.4
12.4
11.7
11.7
11.7
15
10.2
12.5
12.1
12.1
12.1
14.4
15.8
14.4
13.6
14.4
13.7
13.9
11.7
8.56
12.2
12.1
12.2
-10.5
12.3
15.8
14.9
13.3
13.3
12.7
-5.8
-10.1
11.9
12
12.3
12.7
11.7
14.9
11.7
12.2
12.6
14.7
14.7
9.71
14.6
9.83
12.3
13.2
-10.6
8.94
9.61
-10.7
-10.7
14.5
12.1
11.9
10.3
-5.22
11.7
11.9
-10.6
11.8
-8.67
11.4
11.5
16.5
8.3
8.3
14
14.1
14.1
10
10.9
11.5
8.06
8.06
13.7
-10.6
12.1
14.6
-8.13